camera_matrix:
- [1321.4912982563644, 0.0, 658.6263865426056]
- [0.0, 1320.6112567270952, 381.1628570445383]
- [0.0, 0.0, 1.0]
dist_coeff:
- [-0.15477893800324594, 0.8559585002067213, 0.0016049298184799537, 0.004582225520348452,
  -1.8244328720210234]
ret_matrix: 0.21597626415674565
rot_mat:
- - [-0.1889213592179578]
  - [-0.1430202334008449]
  - [-3.028487496182388]
- - [-0.1878910711868358]
  - [-0.08191673532139541]
  - [-3.037705239085077]
- - [-0.17818673225492887]
  - [-0.36234177135071866]
  - [-2.999820262302253]
- - [-0.1782699506529406]
  - [-0.3672715945534377]
  - [-2.9987850975653663]
- - [-0.17779277703259985]
  - [-0.3589926452988926]
  - [-3.000315967142698]
- - [-0.1789299355166419]
  - [-0.3633467937079506]
  - [-2.999725684748411]
- - [-0.18831880094739445]
  - [-0.08098691877080041]
  - [-3.0373937550442762]
- - [-0.18735113687613392]
  - [-0.15627667465400455]
  - [-3.0273203320100364]
- - [-0.1868906003066655]
  - [-0.14592444125090448]
  - [-3.0284141981599744]
- - [-0.19542721668512059]
  - [-0.0481167520467354]
  - [-3.0358544023936207]
- - [-0.17744682624761396]
  - [-0.3662487475552099]
  - [-2.9991345807502303]
- - [-0.1884464645297313]
  - [-0.14603193878643225]
  - [-3.028193034607173]
- - [-0.1876475178811815]
  - [-0.1424757256632339]
  - [-3.0287078273969272]
- - [-0.21554942907075395]
  - [-0.03622582436352053]
  - [-2.8417171341058287]
- - [-0.17794939726134276]
  - [-0.3859371409549102]
  - [-2.9957791169622427]
- - [-0.18740233281809415]
  - [-0.13575899310403497]
  - [-3.0292400373009096]
- - [-0.18701687714527124]
  - [-0.1394550090794986]
  - [-3.028935951543815]
- - [-0.21359790860753813]
  - [-0.03279256240207563]
  - [-2.8374542405596146]
- - [-0.18082216850000418]
  - [-0.3752903903829394]
  - [-2.9973653638983366]
- - [-0.21239608437059146]
  - [-0.030065156428793205]
  - [-2.832444287146767]
- - [-0.18888375654299466]
  - [-0.1500072299431647]
  - [-3.0277522458607544]
- - [-0.1775399700715872]
  - [-0.37515740795595676]
  - [-2.997436325639093]
- - [-0.21519067925105181]
  - [-0.030897176711623932]
  - [-2.838522077657264]
- - [-0.22838931564094275]
  - [-0.04646938300943448]
  - [-3.034598073420195]
- - [-0.21476440223333712]
  - [-0.032879478011528664]
  - [-2.8414937864273835]
- - [-0.17957778337806685]
  - [-0.06818183580467117]
  - [-3.0376797728856397]
- - [-0.18731670036402426]
  - [-0.08061750961958843]
  - [-3.0374256688136394]
- - [-0.18928561151350096]
  - [-0.1450346480351134]
  - [-3.0281998638152197]
- - [-0.17802426120286938]
  - [-0.38696812130365904]
  - [-2.9954763276327907]
- - [-0.18127756558899064]
  - [-0.36415735369973984]
  - [-2.999381908048287]
- - [-0.17853252495907723]
  - [-0.37832246706885614]
  - [-2.996964499279582]
t_vector:
- - [3.8876396716708808]
  - [4.148313961980406]
  - [28.842721107743603]
- - [3.827636979825483]
  - [2.8991320762830144]
  - [27.93760026688326]
- - [4.184456108466578]
  - [6.3301772046129265]
  - [31.909149832166207]
- - [4.190113669798037]
  - [6.455054516975202]
  - [32.01704207841274]
- - [4.183143736368479]
  - [6.2738151661192845]
  - [31.865648716272815]
- - [4.186209406962567]
  - [6.369162736624424]
  - [31.937774580319992]
- - [3.833847553062463]
  - [2.829370884236033]
  - [27.92352363291577]
- - [3.885565412960277]
  - [4.451378587310899]
  - [28.986482643899983]
- - [3.8888907740399468]
  - [4.29789260290036]
  - [28.927450106030246]
- - [4.007081258498947]
  - [2.1750513232808575]
  - [27.850102095373963]
- - [4.1874230433871]
  - [6.395677178878761]
  - [31.959410829863085]
- - [3.887366775788794]
  - [4.30906786122803]
  - [28.922025075712604]
- - [3.8889098934849664]
  - [4.177697546135301]
  - [28.868749679102038]
- - [9.501076318997262]
  - [3.4543233341294237]
  - [26.851746835671104]
- - [4.201164897024682]
  - [6.722198473459539]
  - [32.21603956126826]
- - [3.889766599623688]
  - [4.032519903503377]
  - [28.79773700361197]
- - [3.8894915972328548]
  - [4.1078235269256576]
  - [28.835106945340105]
- - [9.63569726814856]
  - [3.5008819835258835]
  - [26.83302547352228]
- - [4.192655990742673]
  - [6.556558895310596]
  - [32.07591081374303]
- - [9.788525148822442]
  - [3.552094638400549]
  - [26.822222484654965]
- - [3.8859235846372244]
  - [4.386276653512207]
  - [28.95464675052311]
- - [4.196263114101032]
  - [6.581419585963448]
  - [32.112961453460656]
- - [9.60049693158744]
  - [3.489377276889265]
  - [26.84901913195337]
- - [4.674035286652118]
  - [2.227401989050244]
  - [27.70372709800739]
- - [9.518493944393597]
  - [3.4607033959481432]
  - [26.854900834261592]
- - [3.869871823415744]
  - [2.510508174404834]
  - [27.95750006660942]
- - [3.8353993667894706]
  - [2.8145691929116707]
  - [27.928640581495056]
- - [3.887112373578879]
  - [4.2569112670441935]
  - [28.900407259066586]
- - [4.200297745736729]
  - [6.698869099637272]
  - [32.19161945986489]
- - [4.185503518515755]
  - [6.389994047097983]
  - [31.94610752339139]
- - [4.196014230044486]
  - [6.590662625914115]
  - [32.114174176462264]
